world: 65687d50-08cd-45f0-88e6-1c9a9b15d682
world-name: world
x: -88.5
y: 67.0
z: -27.5
yaw: -169.7467498779297
pitch: -1.5005520582199097
name: bids
lastowner: a596f507-2d85-379d-9bde-09e2c3d6e039
