world: 65687d50-08cd-45f0-88e6-1c9a9b15d682
world-name: world
x: -16.5
y: 69.0
z: -86.5
yaw: -90.14169311523438
pitch: -5.183487892150879
name: casino
lastowner: a690f470-5ddd-4af8-a24e-265f91a6c597
