world: 65687d50-08cd-45f0-88e6-1c9a9b15d682
world-name: world
x: -62.5
y: 66.0
z: 1.5
yaw: 8.092948913574219
pitch: 1.2620211839675903
name: crates
lastowner: a596f507-2d85-379d-9bde-09e2c3d6e039
