world: 65687d50-08cd-45f0-88e6-1c9a9b15d682
world-name: world
x: -28.5
y: 77.0
z: 88.5
yaw: -20.862096786499023
pitch: 0.9164748787879944
name: dungeons
lastowner: a596f507-2d85-379d-9bde-09e2c3d6e039
