world: 65687d50-08cd-45f0-88e6-1c9a9b15d682
world-name: world
x: -118.5
y: 64.0
z: 0.5
yaw: -25.20629119873047
pitch: -2.0173492431640625
name: farm
lastowner: a690f470-5ddd-4af8-a24e-265f91a6c597
