world: 65687d50-08cd-45f0-88e6-1c9a9b15d682
world-name: world
x: -14.408528602359844
y: 85.0
z: 33.57958471426225
yaw: -102.4571533203125
pitch: 0.8998612761497498
name: Jails
lastowner: a596f507-2d85-379d-9bde-09e2c3d6e039
