world: 65687d50-08cd-45f0-88e6-1c9a9b15d682
world-name: world
x: -81.93126706983395
y: 69.0
z: 87.09131334644026
yaw: -1.207275390625
pitch: 0.14995719492435455
name: mine
lastowner: a596f507-2d85-379d-9bde-09e2c3d6e039
