world: 65687d50-08cd-45f0-88e6-1c9a9b15d682
world-name: world
x: -55.55609450807774
y: 64.0
z: 37.5453966711524
yaw: 18.44295883178711
pitch: -1.050000548362732
name: PvPArena
lastowner: a596f507-2d85-379d-9bde-09e2c3d6e039
