spawns:
  default:
    world: 65687d50-08cd-45f0-88e6-1c9a9b15d682
    world-name: world
    x: -21.622640264595084
    y: 66.0
    z: -68.44650538795187
    yaw: 128.8660888671875
    pitch: -1.1232495307922363E-4
